231019
126700
3885
45788
280068
244274
115361
220653
136944
139559
86340
92177
293746
107172
157915
233510
43544
259319
126700
4542
79995
83205
283944
44267
8989
78555
100678
25150
124194
3099
255627
1342
99717
298865
74420
130349
156094
108666
159625
108473
132551
294498
126700
64014
35527
179939
293746
205862
210729
80349
189458
286113
55774
239148
126700
249389
269894
204638
234024
136332
126741
88453
214866
224712
233578
31167
51692
50094
163458
172488
193121
47671
222323
133592
260691
186033
65586
285354
267232
129637
64770
200814
133689
179857
60778
291278
170734
82617
294062
205363
64895
132213
188953
115541
275765
298244
237324
16138
41051
82268
27421
71776
17432
25799
141146
32715
120548
149686
109839
147282
8812
220244
9272
203177
53634
126745
212345
287611
197756
281427
246852
195060
285613
67799
171668
103833
184817
205508
291180
124616
72187
104874
283401
266909
29605
234152
141274
141778
38490
73067
88390
153867
194566
248161
173372
9415
71883
92234
70029
37899
143359
146080
273646
248923
48882
286460
253781
224129
34144
167289
128954
234956
208012
4910
223803
231435
189730
124647
46704
26990
158587
275571
71114
23386
40075
79787
248332
283815
63416
244571
53728
276359
138264
244484
282409
264596
161248
27904
94215
279681
29822
92656
2613
255632
191642
265572
200754
162372
74172
131799
241931
228317
182839
7891
248145
275893
205281
275584
146227
86922
192329
265994
288422
168228
92352
171899
149793
163197
68461
274778
53872
220565
200541
167528
205669
21836
12372
95239
275140
54153
250225
168651
75796
223113
7762
36052
124035
293206
220088
232243
237273
102876
229268
152450
121349
91252
233343
280762
295290
210698
47582
197026
24783
76640
64759
236248
149918
35852
149527
160819
64790